PIG/198001010200/output/PIG_1000m_vel.asc
ncols	138
nrows	98
xllcorner	-1540500.000000
yllcorner	-109500.000000
cellsize	1000.000000
NODATA_value	-9999.000000
[rows 0 to 37 of 98, columns 0 to 83 of 138]
9.33 9.33 9.36 9.36 9.37 9.37 9.36 9.36 9.38 9.38 9.38 9.34 9.34 9.29 9.29 9.27 9.27 9.24 9.24 9.20 9.20 9.16 9.16 9.11 9.11 9.05 9.05 9.01 8.98 8.98 8.92 8.92 8.87 8.87 8.82 8.82 8.80 8.80 8.78 8.78 8.76 8.76 8.71 8.71 8.67 8.67 8.64 8.61 8.61 8.58 8.58 8.57 8.57 8.56 8.56 8.55 8.55 8.55 8.55 8.54 8.54 8.52 8.52 8.50 8.50 8.47 8.40 8.40 8.34 8.34 8.29 8.29 8.23 8.23 8.18 8.18 8.13 8.13 8.07 8.07 8.02 8.02 7.97 7.92
9.29 9.29 9.32 9.32 9.35 9.35 9.32 9.32 9.31 9.30 9.30 9.28 9.28 9.25 9.25 9.22 9.22 9.21 9.21 9.18 9.18 9.13 9.13 9.08 9.08 9.03 9.03 8.98 8.95 8.95 8.91 8.91 8.86 8.86 8.81 8.81 8.78 8.78 8.76 8.76 8.74 8.74 8.71 8.71 8.66 8.66 8.63 8.60 8.60 8.58 8.58 8.57 8.57 8.55 8.55 8.54 8.54 8.53 8.53 8.52 8.52 8.51 8.51 8.49 8.49 8.47 8.41 8.41 8.34 8.34 8.29 8.29 8.24 8.24 8.19 8.19 8.14 8.14 8.09 8.09 8.04 8.04 7.99 7.94
9.29 9.29 9.32 9.32 9.35 9.35 9.32 9.32 9.31 9.30 9.30 9.28 9.28 9.25 9.25 9.22 9.22 9.21 9.21 9.18 9.18 9.13 9.13 9.08 9.08 9.03 9.03 8.98 8.95 8.95 8.91 8.91 8.86 8.86 8.81 8.81 8.78 8.78 8.76 8.76 8.74 8.74 8.71 8.71 8.66 8.66 8.63 8.60 8.60 8.58 8.58 8.57 8.57 8.55 8.55 8.54 8.54 8.53 8.53 8.52 8.52 8.51 8.51 8.49 8.49 8.47 8.41 8.41 8.34 8.34 8.29 8.29 8.24 8.24 8.19 8.19 8.14 8.14 8.09 8.09 8.04 8.04 7.99 7.94
9.27 9.27 9.30 9.30 9.32 9.32 9.29 9.29 9.25 9.25 9.25 9.25 9.25 9.23 9.23 9.19 9.19 9.17 9.17 9.15 9.15 9.11 9.11 9.07 9.07 9.02 9.02 8.96 8.92 8.92 8.88 8.88 8.84 8.84 8.79 8.79 8.76 8.76 8.73 8.73 8.71 8.71 8.70 8.70 8.67 8.67 8.63 8.59 8.59 8.56 8.56 8.56 8.56 8.55 8.55 8.53 8.53 8.51 8.51 8.50 8.50 8.49 8.49 8.49 8.49 8.47 8.41 8.41 8.35 8.35 8.30 8.30 8.24 8.24 8.19 8.19 8.15 8.15 8.11 8.11 8.06 8.06 8.01 7.96
9.27 9.27 9.30 9.30 9.32 9.32 9.29 9.29 9.25 9.25 9.25 9.25 9.25 9.23 9.23 9.19 9.19 9.17 9.17 9.15 9.15 9.11 9.11 9.07 9.07 9.02 9.02 8.96 8.92 8.92 8.88 8.88 8.84 8.84 8.79 8.79 8.76 8.76 8.73 8.73 8.71 8.71 8.70 8.70 8.67 8.67 8.63 8.59 8.59 8.56 8.56 8.56 8.56 8.55 8.55 8.53 8.53 8.51 8.51 8.50 8.50 8.49 8.49 8.49 8.49 8.47 8.41 8.41 8.35 8.35 8.30 8.30 8.24 8.24 8.19 8.19 8.15 8.15 8.11 8.11 8.06 8.06 8.01 7.96
9.29 9.29 9.31 9.31 9.33 9.33 9.31 9.31 9.28 9.26 9.26 9.25 9.25 9.24 9.24 9.22 9.22 9.18 9.18 9.15 9.15 9.12 9.12 9.07 9.07 9.02 9.02 8.97 8.93 8.93 8.88 8.88 8.84 8.84 8.79 8.79 8.76 8.76 8.73 8.73 8.71 8.71 8.69 8.69 8.68 8.68 8.65 8.61 8.61 8.56 8.56 8.55 8.55 8.54 8.54 8.53 8.53 8.52 8.52 8.51 8.51 8.50 8.50 8.49 8.49 8.48 8.42 8.42 8.37 8.37 8.32 8.32 8.26 8.26 8.20 8.20 8.15 8.15 8.11 8.11 8.06 8.06 8.01 7.96
9.29 9.29 9.31 9.31 9.33 9.33 9.31 9.31 9.28 9.26 9.26 9.25 9.25 9.24 9.24 9.22 9.22 9.18 9.18 9.15 9.15 9.12 9.12 9.07 9.07 9.02 9.02 8.97 8.93 8.93 8.88 8.88 8.84 8.84 8.79 8.79 8.76 8.76 8.73 8.73 8.71 8.71 8.69 8.69 8.68 8.68 8.65 8.61 8.61 8.56 8.56 8.55 8.55 8.54 8.54 8.53 8.53 8.52 8.52 8.51 8.51 8.50 8.50 8.49 8.49 8.48 8.42 8.42 8.37 8.37 8.32 8.32 8.26 8.26 8.20 8.20 8.15 8.15 8.11 8.11 8.06 8.06 8.01 7.96
9.28 9.28 9.31 9.31 9.33 9.33 9.31 9.31 9.28 9.24 9.24 9.21 9.21 9.21 9.21 9.21 9.21 9.19 9.19 9.15 9.15 9.11 9.11 9.08 9.08 9.03 9.03 8.98 8.94 8.94 8.89 8.89 8.84 8.84 8.79 8.79 8.76 8.76 8.74 8.74 8.71 8.71 8.68 8.68 8.65 8.65 8.64 8.62 8.62 8.58 8.58 8.55 8.55 8.54 8.54 8.52 8.52 8.51 8.51 8.51 8.51 8.50 8.50 8.50 8.50 8.49 8.43 8.43 8.37 8.37 8.32 8.32 8.28 8.28 8.22 8.22 8.17 8.17 8.12 8.12 8.07 8.07 8.02 7.97
9.28 9.28 9.31 9.31 9.33 9.33 9.31 9.31 9.28 9.24 9.24 9.21 9.21 9.21 9.21 9.21 9.21 9.19 9.19 9.15 9.15 9.11 9.11 9.08 9.08 9.03 9.03 8.98 8.94 8.94 8.89 8.89 8.84 8.84 8.79 8.79 8.76 8.76 8.74 8.74 8.71 8.71 8.68 8.68 8.65 8.65 8.64 8.62 8.62 8.58 8.58 8.55 8.55 8.54 8.54 8.52 8.52 8.51 8.51 8.51 8.51 8.50 8.50 8.50 8.50 8.49 8.43 8.43 8.37 8.37 8.32 8.32 8.28 8.28 8.22 8.22 8.17 8.17 8.12 8.12 8.07 8.07 8.02 7.97
9.27 9.27 9.29 9.29 9.31 9.31 9.30 9.30 9.28 9.25 9.25 9.21 9.21 9.19 9.19 9.18 9.18 9.18 9.18 9.16 9.16 9.12 9.12 9.07 9.07 9.03 9.03 8.99 8.94 8.94 8.89 8.89 8.84 8.84 8.78 8.78 8.74 8.74 8.72 8.72 8.70 8.70 8.67 8.67 8.64 8.64 8.61 8.59 8.59 8.57 8.57 8.56 8.56 8.55 8.55 8.53 8.53 8.51 8.51 8.50 8.50 8.50 8.50 8.50 8.50 8.50 8.45 8.45 8.37 8.37 8.32 8.32 8.27 8.27 8.23 8.23 8.18 8.18 8.12 8.12 8.07 8.07 8.03 7.98
9.27 9.27 9.29 9.29 9.31 9.31 9.30 9.30 9.28 9.25 9.25 9.21 9.21 9.19 9.19 9.18 9.18 9.18 9.18 9.16 9.16 9.12 9.12 9.07 9.07 9.03 9.03 8.99 8.94 8.94 8.89 8.89 8.84 8.84 8.78 8.78 8.74 8.74 8.72 8.72 8.70 8.70 8.67 8.67 8.64 8.64 8.61 8.59 8.59 8.57 8.57 8.56 8.56 8.55 8.55 8.53 8.53 8.51 8.51 8.50 8.50 8.50 8.50 8.50 8.50 8.50 8.45 8.45 8.37 8.37 8.32 8.32 8.27 8.27 8.23 8.23 8.18 8.18 8.12 8.12 8.07 8.07 8.03 7.98
9.29 9.29 9.32 9.32 9.34 9.34 9.32 9.32 9.30 9.28 9.28 9.26 9.26 9.22 9.22 9.20 9.20 9.19 9.19 9.17 9.17 9.12 9.12 9.07 9.07 9.01 9.01 8.97 8.94 8.94 8.90 8.90 8.86 8.86 8.81 8.81 8.76 8.76 8.72 8.72 8.70 8.70 8.68 8.68 8.66 8.66 8.63 8.60 8.60 8.57 8.57 8.57 8.57 8.57 8.57 8.55 8.55 8.53 8.53 8.51 8.51 8.50 8.50 8.49 8.49 8.50 8.45 8.45 8.39 8.39 8.33 8.33 8.27 8.27 8.21 8.21 8.16 8.16 8.11 8.11 8.07 8.07 8.03 7.99
9.29 9.29 9.32 9.32 9.34 9.34 9.32 9.32 9.30 9.28 9.28 9.26 9.26 9.22 9.22 9.20 9.20 9.19 9.19 9.17 9.17 9.12 9.12 9.07 9.07 9.01 9.01 8.97 8.94 8.94 8.90 8.90 8.86 8.86 8.81 8.81 8.76 8.76 8.72 8.72 8.70 8.70 8.68 8.68 8.66 8.66 8.63 8.60 8.60 8.57 8.57 8.57 8.57 8.57 8.57 8.55 8.55 8.53 8.53 8.51 8.51 8.50 8.50 8.49 8.49 8.50 8.45 8.45 8.39 8.39 8.33 8.33 8.27 8.27 8.21 8.21 8.16 8.16 8.11 8.11 8.07 8.07 8.03 7.99
9.29 9.29 9.33 9.33 9.37 9.37 9.35 9.35 9.31 9.28 9.28 9.26 9.26 9.24 9.24 9.21 9.21 9.18 9.18 9.16 9.16 9.12 9.12 9.08 9.08 9.02 9.02 8.97 8.93 8.93 8.90 8.90 8.86 8.86 8.82 8.82 8.79 8.79 8.75 8.75 8.70 8.70 8.67 8.67 8.66 8.66 8.64 8.61 8.61 8.57 8.57 8.56 8.56 8.57 8.57 8.56 8.56 8.54 8.54 8.52 8.52 8.50 8.50 8.48 8.48 8.47 8.43 8.43 8.38 8.38 8.34 8.34 8.29 8.29 8.23 8.23 8.17 8.17 8.11 8.11 8.05 8.05 8.02 7.98
9.29 9.29 9.33 9.33 9.37 9.37 9.35 9.35 9.31 9.28 9.28 9.26 9.26 9.24 9.24 9.21 9.21 9.18 9.18 9.16 9.16 9.12 9.12 9.08 9.08 9.02 9.02 8.97 8.93 8.93 8.90 8.90 8.86 8.86 8.82 8.82 8.79 8.79 8.75 8.75 8.70 8.70 8.67 8.67 8.66 8.66 8.64 8.61 8.61 8.57 8.57 8.56 8.56 8.57 8.57 8.56 8.56 8.54 8.54 8.52 8.52 8.50 8.50 8.48 8.48 8.47 8.43 8.43 8.38 8.38 8.34 8.34 8.29 8.29 8.23 8.23 8.17 8.17 8.11 8.11 8.05 8.05 8.02 7.98
9.23 9.23 9.26 9.26 9.31 9.31 9.33 9.33 9.31 9.28 9.28 9.24 9.24 9.21 9.21 9.18 9.18 9.17 9.17 9.15 9.15 9.12 9.12 9.08 9.08 9.03 9.03 8.98 8.92 8.92 8.88 8.88 8.84 8.84 8.80 8.80 8.78 8.78 8.76 8.76 8.72 8.72 8.68 8.68 8.65 8.65 8.63 8.61 8.61 8.57 8.57 8.54 8.54 8.53 8.53 8.55 8.55 8.54 8.54 8.52 8.52 8.52 8.52 8.50 8.50 8.48 8.43 8.43 8.37 8.37 8.33 8.33 8.29 8.29 8.24 8.24 8.19 8.19 8.13 8.13 8.06 8.06 8.00 7.96
9.23 9.23 9.23 9.23 9.24 9.24 9.26 9.26 9.27 9.26 9.26 9.24 9.24 9.21 9.21 9.18 9.18 9.16 9.16 9.16 9.16 9.13 9.13 9.08 9.08 9.03 9.03 8.99 8.93 8.93 8.88 8.88 8.84 8.84 8.80 8.80 8.76 8.76 8.74 8.74 8.73 8.73 8.69 8.69 8.65 8.65 8.62 8.61 8.61 8.59 8.59 8.56 8.56 8.53 8.53 8.53 8.53 8.53 8.53 8.52 8.52 8.52 8.52 8.52 8.52 8.50 8.44 8.44 8.38 8.38 8.33 8.33 8.29 8.29 8.25 8.25 8.20 8.20 8.15 8.15 8.09 8.09 8.03 7.98
9.23 9.23 9.23 9.23 9.24 9.24 9.26 9.26 9.27 9.26 9.26 9.24 9.24 9.21 9.21 9.18 9.18 9.16 9.16 9.16 9.16 9.13 9.13 9.08 9.08 9.03 9.03 8.99 8.93 8.93 8.88 8.88 8.84 8.84 8.80 8.80 8.76 8.76 8.74 8.74 8.73 8.73 8.69 8.69 8.65 8.65 8.62 8.61 8.61 8.59 8.59 8.56 8.56 8.53 8.53 8.53 8.53 8.53 8.53 8.52 8.52 8.52 8.52 8.52 8.52 8.50 8.44 8.44 8.38 8.38 8.33 8.33 8.29 8.29 8.25 8.25 8.20 8.20 8.15 8.15 8.09 8.09 8.03 7.98
9.29 9.29 9.28 9.28 9.27 9.27 9.25 9.25 9.24 9.23 9.23 9.23 9.23 9.22 9.22 9.19 9.19 9.15 9.15 9.12 9.12 9.10 9.10 9.08 9.08 9.04 9.04 8.99 8.94 8.94 8.89 8.89 8.85 8.85 8.82 8.82 8.78 8.78 8.74 8.74 8.72 8.72 8.71 8.71 8.68 8.68 8.63 8.60 8.60 8.57 8.57 8.57 8.57 8.56 8.56 8.55 8.55 8.53 8.53 8.51 8.51 8.51 8.51 8.53 8.53 8.51 8.44 8.44 8.38 8.38 8.33 8.33 8.29 8.29 8.25 8.25 8.20 8.20 8.15 8.15 8.10 8.10 8.06 8.00
9.29 9.29 9.28 9.28 9.27 9.27 9.25 9.25 9.24 9.23 9.23 9.23 9.23 9.22 9.22 9.19 9.19 9.15 9.15 9.12 9.12 9.10 9.10 9.08 9.08 9.04 9.04 8.99 8.94 8.94 8.89 8.89 8.85 8.85 8.82 8.82 8.78 8.78 8.74 8.74 8.72 8.72 8.71 8.71 8.68 8.68 8.63 8.60 8.60 8.57 8.57 8.57 8.57 8.56 8.56 8.55 8.55 8.53 8.53 8.51 8.51 8.51 8.51 8.53 8.53 8.51 8.44 8.44 8.38 8.38 8.33 8.33 8.29 8.29 8.25 8.25 8.20 8.20 8.15 8.15 8.10 8.10 8.06 8.00
9.30 9.30 9.31 9.31 9.31 9.31 9.28 9.28 9.25 9.23 9.23 9.21 9.21 9.20 9.20 9.18 9.18 9.14 9.14 9.11 9.11 9.07 9.07 9.03 9.03 9.00 9.00 8.98 8.94 8.94 8.88 8.88 8.84 8.84 8.82 8.82 8.79 8.79 8.76 8.76 8.72 8.72 8.69 8.69 8.68 8.68 8.65 8.61 8.61 8.56 8.56 8.55 8.55 8.56 8.56 8.56 8.56 8.55 8.55 8.52 8.52 8.51 8.51 8.52 8.52 8.52 8.46 8.46 8.39 8.39 8.33 8.33 8.29 8.29 8.25 8.25 8.21 8.21 8.14 8.14 8.09 8.09 8.06 8.01
9.30 9.30 9.31 9.31 9.31 9.31 9.28 9.28 9.25 9.23 9.23 9.21 9.21 9.20 9.20 9.18 9.18 9.14 9.14 9.11 9.11 9.07 9.07 9.03 9.03 9.00 9.00 8.98 8.94 8.94 8.88 8.88 8.84 8.84 8.82 8.82 8.79 8.79 8.76 8.76 8.72 8.72 8.69 8.69 8.68 8.68 8.65 8.61 8.61 8.56 8.56 8.55 8.55 8.56 8.56 8.56 8.56 8.55 8.55 8.52 8.52 8.51 8.51 8.52 8.52 8.52 8.46 8.46 8.39 8.39 8.33 8.33 8.29 8.29 8.25 8.25 8.21 8.21 8.14 8.14 8.09 8.09 8.06 8.01
9.28 9.28 9.31 9.31 9.32 9.32 9.29 9.29 9.26 9.23 9.23 9.22 9.22 9.21 9.21 9.20 9.20 9.18 9.18 9.14 9.14 9.11 9.11 9.06 9.06 9.00 9.00 8.97 8.94 8.94 8.88 8.88 8.81 8.81 8.78 8.78 8.76 8.76 8.75 8.75 8.71 8.71 8.67 8.67 8.66 8.66 8.65 8.63 8.63 8.59 8.59 8.57 8.57 8.57 8.57 8.57 8.57 8.57 8.57 8.54 8.54 8.52 8.52 8.54 8.54 8.55 8.48 8.48 8.40 8.40 8.33 8.33 8.28 8.28 8.24 8.24 8.21 8.21 8.16 8.16 8.10 8.10 8.06 8.02
9.28 9.28 9.31 9.31 9.32 9.32 9.29 9.29 9.26 9.23 9.23 9.22 9.22 9.21 9.21 9.20 9.20 9.18 9.18 9.14 9.14 9.11 9.11 9.06 9.06 9.00 9.00 8.97 8.94 8.94 8.88 8.88 8.81 8.81 8.78 8.78 8.76 8.76 8.75 8.75 8.71 8.71 8.67 8.67 8.66 8.66 8.65 8.63 8.63 8.59 8.59 8.57 8.57 8.57 8.57 8.57 8.57 8.57 8.57 8.54 8.54 8.52 8.52 8.54 8.54 8.55 8.48 8.48 8.40 8.40 8.33 8.33 8.28 8.28 8.24 8.24 8.21 8.21 8.16 8.16 8.10 8.10 8.06 8.02
9.29 9.29 9.31 9.31 9.32 9.32 9.31 9.31 9.28 9.25 9.25 9.23 9.23 9.22 9.22 9.21 9.21 9.19 9.19 9.16 9.16 9.13 9.13 9.10 9.10 9.02 9.02 8.97 8.94 8.94 8.89 8.89 8.82 8.82 8.76 8.76 8.74 8.74 8.73 8.73 8.71 8.71 8.68 8.68 8.65 8.65 8.64 8.63 8.63 8.60 8.60 8.57 8.57 8.56 8.56 8.57 8.57 8.58 8.58 8.57 8.57 8.52 8.52 8.53 8.53 8.56 8.49 8.49 8.42 8.42 8.35 8.35 8.29 8.29 8.24 8.24 8.21 8.21 8.17 8.17 8.11 8.11 8.06 8.02
9.29 9.29 9.31 9.31 9.32 9.32 9.31 9.31 9.28 9.25 9.25 9.23 9.23 9.22 9.22 9.21 9.21 9.19 9.19 9.16 9.16 9.13 9.13 9.10 9.10 9.02 9.02 8.97 8.94 8.94 8.89 8.89 8.82 8.82 8.76 8.76 8.74 8.74 8.73 8.73 8.71 8.71 8.68 8.68 8.65 8.65 8.64 8.63 8.63 8.60 8.60 8.57 8.57 8.56 8.56 8.57 8.57 8.58 8.58 8.57 8.57 8.52 8.52 8.53 8.53 8.56 8.49 8.49 8.42 8.42 8.35 8.35 8.29 8.29 8.24 8.24 8.21 8.21 8.17 8.17 8.11 8.11 8.06 8.02
9.29 9.29 9.31 9.31 9.33 9.33 9.31 9.31 9.30 9.26 9.26 9.22 9.22 9.19 9.19 9.19 9.19 9.18 9.18 9.14 9.14 9.11 9.11 9.08 9.08 9.04 9.04 8.99 8.96 8.96 8.93 8.93 8.88 8.88 8.80 8.80 8.74 8.74 8.71 8.71 8.70 8.70 8.69 8.69 8.67 8.67 8.65 8.63 8.63 8.59 8.59 8.55 8.55 8.53 8.53 8.53 8.53 8.56 8.56 8.57 8.57 8.52 8.52 8.48 8.48 8.51 8.49 8.49 8.44 8.44 8.37 8.37 8.30 8.30 8.23 8.23 8.20 8.20 8.17 8.17 8.11 8.11 8.06 8.02
9.29 9.29 9.31 9.31 9.33 9.33 9.31 9.31 9.30 9.26 9.26 9.22 9.22 9.19 9.19 9.19 9.19 9.18 9.18 9.14 9.14 9.11 9.11 9.08 9.08 9.04 9.04 8.99 8.96 8.96 8.93 8.93 8.88 8.88 8.80 8.80 8.74 8.74 8.71 8.71 8.70 8.70 8.69 8.69 8.67 8.67 8.65 8.63 8.63 8.59 8.59 8.55 8.55 8.53 8.53 8.53 8.53 8.56 8.56 8.57 8.57 8.52 8.52 8.48 8.48 8.51 8.49 8.49 8.44 8.44 8.37 8.37 8.30 8.30 8.23 8.23 8.20 8.20 8.17 8.17 8.11 8.11 8.06 8.02
9.27 9.27 9.31 9.31 9.34 9.34 9.31 9.31 9.29 9.26 9.26 9.22 9.22 9.19 9.19 9.17 9.17 9.15 9.15 9.13 9.13 9.10 9.10 9.08 9.08 9.05 9.05 9.00 8.96 8.96 8.93 8.93 8.90 8.90 8.86 8.86 8.81 8.81 8.76 8.76 8.70 8.70 8.67 8.67 8.66 8.66 8.66 8.65 8.65 8.61 8.61 8.58 8.58 8.55 8.55 8.55 8.55 8.55 8.55 8.56 8.56 8.55 8.55 8.50 8.50 8.49 8.47 8.47 8.43 8.43 8.38 8.38 8.33 8.33 8.25 8.25 8.19 8.19 8.15 8.15 8.11 8.11 8.06 8.01
9.27 9.27 9.31 9.31 9.34 9.34 9.31 9.31 9.29 9.26 9.26 9.22 9.22 9.19 9.19 9.17 9.17 9.15 9.15 9.13 9.13 9.10 9.10 9.08 9.08 9.05 9.05 9.00 8.96 8.96 8.93 8.93 8.90 8.90 8.86 8.86 8.81 8.81 8.76 8.76 8.70 8.70 8.67 8.67 8.66 8.66 8.66 8.65 8.65 8.61 8.61 8.58 8.58 8.55 8.55 8.55 8.55 8.55 8.55 8.56 8.56 8.55 8.55 8.50 8.50 8.49 8.47 8.47 8.43 8.43 8.38 8.38 8.33 8.33 8.25 8.25 8.19 8.19 8.15 8.15 8.11 8.11 8.06 8.01
9.26 9.26 9.29 9.29 9.34 9.34 9.32 9.32 9.28 9.27 9.27 9.25 9.25 9.23 9.23 9.21 9.21 9.17 9.17 9.14 9.14 9.11 9.11 9.09 9.09 9.05 9.05 9.00 8.95 8.95 8.91 8.91 8.90 8.90 8.89 8.89 8.87 8.87 8.83 8.83 8.75 8.75 8.67 8.67 8.63 8.63 8.62 8.63 8.63 8.62 8.62 8.60 8.60 8.56 8.56 8.53 8.53 8.52 8.52 8.52 8.52 8.55 8.55 8.55 8.55 8.52 8.46 8.46 8.41 8.41 8.37 8.37 8.33 8.33 8.27 8.27 8.20 8.20 8.14 8.14 8.11 8.11 8.06 8.01
9.26 9.26 9.29 9.29 9.34 9.34 9.32 9.32 9.28 9.27 9.27 9.25 9.25 9.23 9.23 9.21 9.21 9.17 9.17 9.14 9.14 9.11 9.11 9.09 9.09 9.05 9.05 9.00 8.95 8.95 8.91 8.91 8.90 8.90 8.89 8.89 8.87 8.87 8.83 8.83 8.75 8.75 8.67 8.67 8.63 8.63 8.62 8.63 8.63 8.62 8.62 8.60 8.60 8.56 8.56 8.53 8.53 8.52 8.52 8.52 8.52 8.55 8.55 8.55 8.55 8.52 8.46 8.46 8.41 8.41 8.37 8.37 8.33 8.33 8.27 8.27 8.20 8.20 8.14 8.14 8.11 8.11 8.06 8.01
9.26 9.26 9.28 9.28 9.33 9.33 9.33 9.33 9.30 9.28 9.28 9.25 9.25 9.22 9.22 9.23 9.23 9.19 9.19 9.13 9.13 9.10 9.10 9.08 9.08 9.04 9.04 8.99 8.95 8.95 8.89 8.89 8.85 8.85 8.83 8.83 8.82 8.82 8.81 8.81 8.78 8.78 8.71 8.71 8.63 8.63 8.59 8.59 8.59 8.60 8.60 8.59 8.59 8.55 8.55 8.52 8.52 8.52 8.52 8.52 8.52 8.50 8.50 8.48 8.48 8.48 8.45 8.45 8.41 8.41 8.36 8.36 8.30 8.30 8.25 8.25 8.20 8.20 8.15 8.15 8.11 8.11 8.07 8.03
9.25 9.25 9.27 9.27 9.32 9.32 9.33 9.33 9.30 9.27 9.27 9.23 9.23 9.20 9.20 9.21 9.21 9.20 9.20 9.12 9.12 9.06 9.06 9.05 9.05 9.04 9.04 8.99 8.92 8.92 8.83 8.83 8.76 8.76 8.73 8.73 8.75 8.75 8.78 8.78 8.78 8.78 8.76 8.76 8.71 8.71 8.65 8.61 8.61 8.61 8.61 8.62 8.62 8.61 8.61 8.59 8.59 8.57 8.57 8.57 8.57 8.56 8.56 8.51 8.51 8.47 8.43 8.43 8.40 8.40 8.35 8.35 8.30 8.30 8.25 8.25 8.21 8.21 8.15 8.15 8.10 8.10 8.07 8.03
9.25 9.25 9.27 9.27 9.32 9.32 9.33 9.33 9.30 9.27 9.27 9.23 9.23 9.20 9.20 9.21 9.21 9.20 9.20 9.12 9.12 9.06 9.06 9.05 9.05 9.04 9.04 8.99 8.92 8.92 8.83 8.83 8.76 8.76 8.73 8.73 8.75 8.75 8.78 8.78 8.78 8.78 8.76 8.76 8.71 8.71 8.65 8.61 8.61 8.61 8.61 8.62 8.62 8.61 8.61 8.59 8.59 8.57 8.57 8.57 8.57 8.56 8.56 8.51 8.51 8.47 8.43 8.43 8.40 8.40 8.35 8.35 8.30 8.30 8.25 8.25 8.21 8.21 8.15 8.15 8.10 8.10 8.07 8.03
9.24 9.24 9.24 9.24 9.29 9.29 9.34 9.34 9.32 9.27 9.27 9.23 9.23 9.21 9.21 9.23 9.23 9.24 9.24 9.19 9.19 9.10 9.10 9.04 9.04 9.04 9.04 9.03 8.98 8.98 8.90 8.90 8.81 8.81 8.73 8.73 8.69 8.69 8.70 8.70 8.72 8.72 8.73 8.73 8.74 8.74 8.71 8.66 8.66 8.61 8.61 8.62 8.62 8.64 8.64 8.63 8.63 8.58 8.58 8.56 8.56 8.60 8.60 8.61 8.61 8.53 8.44 8.44 8.41 8.41 8.39 8.39 8.34 8.34 8.29 8.29 8.23 8.23 8.16 8.16 8.09 8.09 8.03 8.00
9.24 9.24 9.24 9.24 9.29 9.29 9.34 9.34 9.32 9.27 9.27 9.23 9.23 9.21 9.21 9.23 9.23 9.24 9.24 9.19 9.19 9.10 9.10 9.04 9.04 9.04 9.04 9.03 8.98 8.98 8.90 8.90 8.81 8.81 8.73 8.73 8.69 8.69 8.70 8.70 8.72 8.72 8.73 8.73 8.74 8.74 8.71 8.66 8.66 8.61 8.61 8.62 8.62 8.64 8.64 8.63 8.63 8.58 8.58 8.56 8.56 8.60 8.60 8.61 8.61 8.53 8.44 8.44 8.41 8.41 8.39 8.39 8.34 8.34 8.29 8.29 8.23 8.23 8.16 8.16 8.09 8.09 8.03 8.00
9.27 9.27 9.23 9.23 9.22 9.22 9.29 9.29 9.34 9.33 9.33 9.25 9.25 9.21 9.21 9.21 9.21 9.22 9.22 9.22 9.22 9.15 9.15 9.06 9.06 9.02 9.02 9.02 9.01 9.01 8.98 8.98 8.93 8.93 8.84 8.84 8.73 8.73 8.66 8.66 8.62 8.62 8.59 8.59 8.60 8.60 8.64 8.65 8.65 8.61 8.61 8.57 8.57 8.56 8.56 8.59 8.59 8.58 8.58 8.55 8.55 8.55 8.55 8.60 8.60 8.59 8.47 8.47 8.39 8.39 8.37 8.37 8.35 8.35 8.31 8.31 8.27 8.27 8.23 8.23 8.14 8.14 8.04 7.97
