PIG/198001010200/output/PIG_1000m_vel.asc
ncols	138
nrows	98
xllcorner	-1540500.000000
yllcorner	-109500.000000
cellsize	1000.000000
NODATA_value	-9999.000000
[rows 38 to 75 of 98, columns 0 to 83 of 138]
9.27 9.27 9.23 9.23 9.22 9.22 9.29 9.29 9.34 9.33 9.33 9.25 9.25 9.21 9.21 9.21 9.21 9.22 9.22 9.22 9.22 9.15 9.15 9.06 9.06 9.02 9.02 9.02 9.01 9.01 8.98 8.98 8.93 8.93 8.84 8.84 8.73 8.73 8.66 8.66 8.62 8.62 8.59 8.59 8.60 8.60 8.64 8.65 8.65 8.61 8.61 8.57 8.57 8.56 8.56 8.59 8.59 8.58 8.58 8.55 8.55 8.55 8.55 8.60 8.60 8.59 8.47 8.47 8.39 8.39 8.37 8.37 8.35 8.35 8.31 8.31 8.27 8.27 8.23 8.23 8.14 8.14 8.04 7.97
9.31 9.31 9.26 9.26 9.18 9.18 9.17 9.17 9.26 9.35 9.35 9.30 9.30 9.21 9.21 9.19 9.19 9.17 9.17 9.15 9.15 9.12 9.12 9.07 9.07 9.03 9.03 8.99 8.95 8.95 8.93 8.93 8.93 8.93 8.91 8.91 8.87 8.87 8.81 8.81 8.73 8.73 8.63 8.63 8.56 8.56 8.56 8.61 8.61 8.62 8.62 8.59 8.59 8.55 8.55 8.55 8.55 8.57 8.57 8.56 8.56 8.53 8.53 8.55 8.55 8.59 8.50 8.50 8.37 8.37 8.30 8.30 8.28 8.28 8.26 8.26 8.24 8.24 8.24 8.24 8.20 8.20 8.10 7.99
9.31 9.31 9.26 9.26 9.18 9.18 9.17 9.17 9.26 9.35 9.35 9.30 9.30 9.21 9.21 9.19 9.19 9.17 9.17 9.15 9.15 9.12 9.12 9.07 9.07 9.03 9.03 8.99 8.95 8.95 8.93 8.93 8.93 8.93 8.91 8.91 8.87 8.87 8.81 8.81 8.73 8.73 8.63 8.63 8.56 8.56 8.56 8.61 8.61 8.62 8.62 8.59 8.59 8.55 8.55 8.55 8.55 8.57 8.57 8.56 8.56 8.53 8.53 8.55 8.55 8.59 8.50 8.50 8.37 8.37 8.30 8.30 8.28 8.28 8.26 8.26 8.24 8.24 8.24 8.24 8.20 8.20 8.10 7.99
9.32 9.32 9.31 9.31 9.27 9.27 9.17 9.17 9.13 9.24 9.24 9.30 9.30 9.20 9.20 9.16 9.16 9.16 9.16 9.13 9.13 9.08 9.08 9.03 9.03 9.02 9.02 9.01 8.94 8.94 8.88 8.88 8.87 8.87 8.86 8.86 8.86 8.86 8.86 8.86 8.85 8.85 8.76 8.76 8.65 8.65 8.57 8.56 8.56 8.59 8.59 8.61 8.61 8.59 8.59 8.55 8.55 8.55 8.55 8.55 8.55 8.52 8.52 8.51 8.51 8.54 8.52 8.52 8.44 8.44 8.33 8.33 8.27 8.27 8.22 8.22 8.16 8.16 8.15 8.15 8.16 8.16 8.13 8.05
9.32 9.32 9.31 9.31 9.27 9.27 9.17 9.17 9.13 9.24 9.24 9.30 9.30 9.20 9.20 9.16 9.16 9.16 9.16 9.13 9.13 9.08 9.08 9.03 9.03 9.02 9.02 9.01 8.94 8.94 8.88 8.88 8.87 8.87 8.86 8.86 8.86 8.86 8.86 8.86 8.85 8.85 8.76 8.76 8.65 8.65 8.57 8.56 8.56 8.59 8.59 8.61 8.61 8.59 8.59 8.55 8.55 8.55 8.55 8.55 8.55 8.52 8.52 8.51 8.51 8.54 8.52 8.52 8.44 8.44 8.33 8.33 8.27 8.27 8.22 8.22 8.16 8.16 8.15 8.15 8.16 8.16 8.13 8.05
9.31 9.31 9.33 9.33 9.35 9.35 9.29 9.29 9.14 9.13 9.13 9.27 9.27 9.28 9.28 9.19 9.19 9.15 9.15 9.13 9.13 9.06 9.06 8.99 8.99 8.97 8.97 8.99 8.96 8.96 8.89 8.89 8.86 8.86 8.83 8.83 8.80 8.80 8.81 8.81 8.83 8.83 8.79 8.79 8.70 8.70 8.60 8.56 8.56 8.55 8.55 8.59 8.59 8.60 8.60 8.58 8.58 8.57 8.57 8.56 8.56 8.53 8.53 8.49 8.49 8.49 8.49 8.49 8.48 8.48 8.38 8.38 8.31 8.31 8.26 8.26 8.19 8.19 8.13 8.13 8.11 8.11 8.10 8.06
9.31 9.31 9.33 9.33 9.35 9.35 9.29 9.29 9.14 9.13 9.13 9.27 9.27 9.28 9.28 9.19 9.19 9.15 9.15 9.13 9.13 9.06 9.06 8.99 8.99 8.97 8.97 8.99 8.96 8.96 8.89 8.89 8.86 8.86 8.83 8.83 8.80 8.80 8.81 8.81 8.83 8.83 8.79 8.79 8.70 8.70 8.60 8.56 8.56 8.55 8.55 8.59 8.59 8.60 8.60 8.58 8.58 8.57 8.57 8.56 8.56 8.53 8.53 8.49 8.49 8.49 8.49 8.49 8.48 8.48 8.38 8.38 8.31 8.31 8.26 8.26 8.19 8.19 8.13 8.13 8.11 8.11 8.10 8.06
9.29 9.29 9.31 9.31 9.33 9.33 9.35 9.35 9.27 9.13 9.13 9.18 9.18 9.32 9.32 9.32 9.32 9.23 9.23 9.16 9.16 9.09 9.09 9.01 9.01 8.96 8.96 8.98 8.96 8.96 8.89 8.89 8.87 8.87 8.85 8.85 8.81 8.81 8.77 8.77 8.76 8.76 8.78 8.78 8.74 8.74 8.65 8.57 8.57 8.52 8.52 8.54 8.54 8.57 8.57 8.56 8.56 8.56 8.56 8.58 8.58 8.57 8.57 8.54 8.54 8.49 8.43 8.43 8.43 8.43 8.38 8.38 8.30 8.30 8.28 8.28 8.26 8.26 8.19 8.19 8.10 8.10 8.05 8.01
9.29 9.29 9.31 9.31 9.33 9.33 9.35 9.35 9.27 9.13 9.13 9.18 9.18 9.32 9.32 9.32 9.32 9.23 9.23 9.16 9.16 9.09 9.09 9.01 9.01 8.96 8.96 8.98 8.96 8.96 8.89 8.89 8.87 8.87 8.85 8.85 8.81 8.81 8.77 8.77 8.76 8.76 8.78 8.78 8.74 8.74 8.65 8.57 8.57 8.52 8.52 8.54 8.54 8.57 8.57 8.56 8.56 8.56 8.56 8.58 8.58 8.57 8.57 8.54 8.54 8.49 8.43 8.43 8.43 8.43 8.38 8.38 8.30 8.30 8.28 8.28 8.26 8.26 8.19 8.19 8.10 8.10 8.05 8.01
9.25 9.25 9.26 9.26 9.26 9.26 9.28 9.28 9.31 9.22 9.22 9.11 9.11 9.16 9.16 9.31 9.31 9.35 9.35 9.28 9.28 9.15 9.15 9.03 9.03 8.97 8.97 8.98 8.96 8.96 8.87 8.87 8.85 8.85 8.86 8.86 8.81 8.81 8.76 8.76 8.72 8.72 8.73 8.73 8.74 8.74 8.70 8.61 8.61 8.53 8.53 8.53 8.53 8.55 8.55 8.54 8.54 8.52 8.52 8.53 8.53 8.57 8.57 8.58 8.58 8.54 8.45 8.45 8.41 8.41 8.38 8.38 8.29 8.29 8.23 8.23 8.24 8.24 8.23 8.23 8.16 8.16 8.06 7.98
9.25 9.25 9.26 9.26 9.26 9.26 9.28 9.28 9.31 9.22 9.22 9.11 9.11 9.16 9.16 9.31 9.31 9.35 9.35 9.28 9.28 9.15 9.15 9.03 9.03 8.97 8.97 8.98 8.96 8.96 8.87 8.87 8.85 8.85 8.86 8.86 8.81 8.81 8.76 8.76 8.72 8.72 8.73 8.73 8.74 8.74 8.70 8.61 8.61 8.53 8.53 8.53 8.53 8.55 8.55 8.54 8.54 8.52 8.52 8.53 8.53 8.57 8.57 8.58 8.58 8.54 8.45 8.45 8.41 8.41 8.38 8.38 8.29 8.29 8.23 8.23 8.24 8.24 8.23 8.23 8.16 8.16 8.06 7.98
9.29 9.29 9.29 9.29 9.30 9.30 9.28 9.28 9.27 9.25 9.25 9.16 9.16 9.07 9.07 9.14 9.14 9.27 9.27 9.32 9.32 9.25 9.25 9.10 9.10 8.97 8.97 8.96 8.96 8.96 8.84 8.84 8.74 8.74 8.75 8.75 8.79 8.79 8.78 8.78 8.73 8.73 8.70 8.70 8.70 8.70 8.70 8.65 8.65 8.58 8.58 8.55 8.55 8.57 8.57 8.57 8.57 8.54 8.54 8.52 8.52 8.53 8.53 8.55 8.55 8.56 8.49 8.49 8.43 8.43 8.40 8.40 8.33 8.33 8.21 8.21 8.18 8.18 8.22 8.22 8.22 8.22 8.13 8.01
9.29 9.29 9.29 9.29 9.30 9.30 9.28 9.28 9.27 9.25 9.25 9.16 9.16 9.07 9.07 9.14 9.14 9.27 9.27 9.32 9.32 9.25 9.25 9.10 9.10 8.97 8.97 8.96 8.96 8.96 8.84 8.84 8.74 8.74 8.75 8.75 8.79 8.79 8.78 8.78 8.73 8.73 8.70 8.70 8.70 8.70 8.70 8.65 8.65 8.58 8.58 8.55 8.55 8.57 8.57 8.57 8.57 8.54 8.54 8.52 8.52 8.53 8.53 8.55 8.55 8.56 8.49 8.49 8.43 8.43 8.40 8.40 8.33 8.33 8.21 8.21 8.18 8.18 8.22 8.22 8.22 8.22 8.13 8.01
9.32 9.32 9.36 9.36 9.40 9.40 9.37 9.37 9.32 9.27 9.27 9.22 9.22 9.13 9.13 9.07 9.07 9.12 9.12 9.22 9.22 9.25 9.25 9.16 9.16 8.99 8.99 8.91 8.93 8.93 8.86 8.86 8.71 8.71 8.64 8.64 8.70 8.70 8.77 8.77 8.76 8.76 8.72 8.72 8.70 8.70 8.70 8.68 8.68 8.62 8.62 8.57 8.57 8.56 8.56 8.56 8.56 8.56 8.56 8.54 8.54 8.53 8.53 8.54 8.54 8.54 8.48 8.48 8.41 8.41 8.38 8.38 8.36 8.36 8.25 8.25 8.14 8.14 8.15 8.15 8.20 8.20 8.17 8.05
9.23 9.23 9.27 9.27 9.34 9.34 9.38 9.38 9.37 9.34 9.34 9.29 9.29 9.22 9.22 9.14 9.14 9.10 9.10 9.11 9.11 9.14 9.14 9.14 9.14 9.03 9.03 8.92 8.93 8.93 8.95 8.95 8.86 8.86 8.72 8.72 8.65 8.65 8.67 8.67 8.71 8.71 8.72 8.72 8.71 8.71 8.68 8.66 8.66 8.61 8.61 8.56 8.56 8.54 8.54 8.54 8.54 8.53 8.53 8.51 8.51 8.49 8.49 8.51 8.51 8.53 8.47 8.47 8.39 8.39 8.34 8.34 8.35 8.35 8.31 8.31 8.16 8.16 8.09 8.09 8.13 8.13 8.16 8.09
9.23 9.23 9.27 9.27 9.34 9.34 9.38 9.38 9.37 9.34 9.34 9.29 9.29 9.22 9.22 9.14 9.14 9.10 9.10 9.11 9.11 9.14 9.14 9.14 9.14 9.03 9.03 8.92 8.93 8.93 8.95 8.95 8.86 8.86 8.72 8.72 8.65 8.65 8.67 8.67 8.71 8.71 8.72 8.72 8.71 8.71 8.68 8.66 8.66 8.61 8.61 8.56 8.56 8.54 8.54 8.54 8.54 8.53 8.53 8.51 8.51 8.49 8.49 8.51 8.51 8.53 8.47 8.47 8.39 8.39 8.34 8.34 8.35 8.35 8.31 8.31 8.16 8.16 8.09 8.09 8.13 8.13 8.16 8.09
9.21 9.21 9.19 9.19 9.21 9.21 9.28 9.28 9.32 9.32 9.32 9.30 9.30 9.25 9.25 9.19 9.19 9.14 9.14 9.14 9.14 9.15 9.15 9.16 9.16 9.13 9.13 9.04 8.99 8.99 9.00 9.00 8.96 8.96 8.84 8.84 8.74 8.74 8.67 8.67 8.62 8.62 8.62 8.62 8.65 8.65 8.65 8.63 8.63 8.62 8.62 8.59 8.59 8.53 8.53 8.52 8.52 8.53 8.53 8.52 8.52 8.47 8.47 8.46 8.46 8.50 8.49 8.49 8.40 8.40 8.30 8.30 8.27 8.27 8.29 8.29 8.21 8.21 8.10 8.10 8.08 8.08 8.12 8.10
9.21 9.21 9.19 9.19 9.21 9.21 9.28 9.28 9.32 9.32 9.32 9.30 9.30 9.25 9.25 9.19 9.19 9.14 9.14 9.14 9.14 9.15 9.15 9.16 9.16 9.13 9.13 9.04 8.99 8.99 9.00 9.00 8.96 8.96 8.84 8.84 8.74 8.74 8.67 8.67 8.62 8.62 8.62 8.62 8.65 8.65 8.65 8.63 8.63 8.62 8.62 8.59 8.59 8.53 8.53 8.52 8.52 8.53 8.53 8.52 8.52 8.47 8.47 8.46 8.46 8.50 8.49 8.49 8.40 8.40 8.30 8.30 8.27 8.27 8.29 8.29 8.21 8.21 8.10 8.10 8.08 8.08 8.12 8.10
9.28 9.28 9.26 9.26 9.22 9.22 9.22 9.22 9.27 9.28 9.28 9.26 9.26 9.25 9.25 9.23 9.23 9.18 9.18 9.17 9.17 9.17 9.17 9.17 9.17 9.14 9.14 9.05 8.95 8.95 8.95 8.95 8.96 8.96 8.89 8.89 8.82 8.82 8.78 8.78 8.71 8.71 8.61 8.61 8.58 8.58 8.59 8.58 8.58 8.60 8.60 8.64 8.64 8.62 8.62 8.55 8.55 8.53 8.53 8.56 8.56 8.53 8.53 8.47 8.47 8.47 8.48 8.48 8.44 8.44 8.33 8.33 8.22 8.22 8.20 8.20 8.19 8.19 8.10 8.10 8.05 8.05 8.08 8.09
9.28 9.28 9.26 9.26 9.22 9.22 9.22 9.22 9.27 9.28 9.28 9.26 9.26 9.25 9.25 9.23 9.23 9.18 9.18 9.17 9.17 9.17 9.17 9.17 9.17 9.14 9.14 9.05 8.95 8.95 8.95 8.95 8.96 8.96 8.89 8.89 8.82 8.82 8.78 8.78 8.71 8.71 8.61 8.61 8.58 8.58 8.59 8.58 8.58 8.60 8.60 8.64 8.64 8.62 8.62 8.55 8.55 8.53 8.53 8.56 8.56 8.53 8.53 8.47 8.47 8.47 8.48 8.48 8.44 8.44 8.33 8.33 8.22 8.22 8.20 8.20 8.19 8.19 8.10 8.10 8.05 8.05 8.08 8.09
9.25 9.25 9.27 9.27 9.26 9.26 9.22 9.22 9.24 9.26 9.26 9.25 9.25 9.23 9.23 9.22 9.22 9.18 9.18 9.11 9.11 9.07 9.07 9.09 9.09 9.09 9.09 9.04 8.94 8.94 8.88 8.88 8.89 8.89 8.88 8.88 8.81 8.81 8.78 8.78 8.79 8.79 8.71 8.71 8.60 8.60 8.55 8.51 8.51 8.49 8.49 8.56 8.56 8.63 8.63 8.61 8.61 8.55 8.55 8.55 8.55 8.55 8.55 8.51 8.51 8.48 8.45 8.45 8.45 8.45 8.42 8.42 8.30 8.30 8.20 8.20 8.17 8.17 8.11 8.11 8.04 8.04 8.05 8.07
9.25 9.25 9.27 9.27 9.26 9.26 9.22 9.22 9.24 9.26 9.26 9.25 9.25 9.23 9.23 9.22 9.22 9.18 9.18 9.11 9.11 9.07 9.07 9.09 9.09 9.09 9.09 9.04 8.94 8.94 8.88 8.88 8.89 8.89 8.88 8.88 8.81 8.81 8.78 8.78 8.79 8.79 8.71 8.71 8.60 8.60 8.55 8.51 8.51 8.49 8.49 8.56 8.56 8.63 8.63 8.61 8.61 8.55 8.55 8.55 8.55 8.55 8.55 8.51 8.51 8.48 8.45 8.45 8.45 8.45 8.42 8.42 8.30 8.30 8.20 8.20 8.17 8.17 8.11 8.11 8.04 8.04 8.05 8.07
9.23 9.23 9.26 9.26 9.28 9.28 9.23 9.23 9.21 9.27 9.27 9.28 9.28 9.26 9.26 9.23 9.23 9.23 9.23 9.18 9.18 9.07 9.07 9.02 9.02 9.04 9.04 9.04 8.98 8.98 8.90 8.90 8.86 8.86 8.86 8.86 8.81 8.81 8.72 8.72 8.73 8.73 8.76 8.76 8.72 8.72 8.66 8.59 8.59 8.48 8.48 8.44 8.44 8.51 8.51 8.57 8.57 8.54 8.54 8.53 8.53 8.54 8.54 8.51 8.51 8.49 8.44 8.44 8.40 8.40 8.41 8.41 8.39 8.39 8.28 8.28 8.20 8.20 8.16 8.16 8.08 8.08 8.04 8.03
9.23 9.23 9.26 9.26 9.28 9.28 9.23 9.23 9.21 9.27 9.27 9.28 9.28 9.26 9.26 9.23 9.23 9.23 9.23 9.18 9.18 9.07 9.07 9.02 9.02 9.04 9.04 9.04 8.98 8.98 8.90 8.90 8.86 8.86 8.86 8.86 8.81 8.81 8.72 8.72 8.73 8.73 8.76 8.76 8.72 8.72 8.66 8.59 8.59 8.48 8.48 8.44 8.44 8.51 8.51 8.57 8.57 8.54 8.54 8.53 8.53 8.54 8.54 8.51 8.51 8.49 8.44 8.44 8.40 8.40 8.41 8.41 8.39 8.39 8.28 8.28 8.20 8.20 8.16 8.16 8.08 8.08 8.04 8.03
9.25 9.25 9.27 9.27 9.30 9.30 9.28 9.28 9.23 9.23 9.23 9.29 9.29 9.30 9.30 9.27 9.27 9.25 9.25 9.24 9.24 9.16 9.16 9.06 9.06 9.01 9.01 9.00 8.98 8.98 8.92 8.92 8.87 8.87 8.87 8.87 8.86 8.86 8.78 8.78 8.69 8.69 8.70 8.70 8.73 8.73 8.72 8.68 8.68 8.58 8.58 8.48 8.48 8.45 8.45 8.51 8.51 8.53 8.53 8.50 8.50 8.52 8.52 8.52 8.52 8.49 8.43 8.43 8.37 8.37 8.37 8.37 8.39 8.39 8.32 8.32 8.24 8.24 8.18 8.18 8.12 8.12 8.07 8.02
9.25 9.25 9.27 9.27 9.30 9.30 9.28 9.28 9.23 9.23 9.23 9.29 9.29 9.30 9.30 9.27 9.27 9.25 9.25 9.24 9.24 9.16 9.16 9.06 9.06 9.01 9.01 9.00 8.98 8.98 8.92 8.92 8.87 8.87 8.87 8.87 8.86 8.86 8.78 8.78 8.69 8.69 8.70 8.70 8.73 8.73 8.72 8.68 8.68 8.58 8.58 8.48 8.48 8.45 8.45 8.51 8.51 8.53 8.53 8.50 8.50 8.52 8.52 8.52 8.52 8.49 8.43 8.43 8.37 8.37 8.37 8.37 8.39 8.39 8.32 8.32 8.24 8.24 8.18 8.18 8.12 8.12 8.07 8.02
9.23 9.23 9.24 9.24 9.27 9.27 9.30 9.30 9.29 9.23 9.23 9.22 9.22 9.26 9.26 9.26 9.26 9.23 9.23 9.21 9.21 9.17 9.17 9.13 9.13 9.07 9.07 9.02 8.97 8.97 8.90 8.90 8.84 8.84 8.82 8.82 8.85 8.85 8.84 8.84 8.75 8.75 8.65 8.65 8.65 8.65 8.66 8.67 8.67 8.64 8.64 8.57 8.57 8.48 8.48 8.49 8.49 8.54 8.54 8.50 8.50 8.47 8.47 8.51 8.51 8.52 8.44 8.44 8.36 8.36 8.32 8.32 8.34 8.34 8.32 8.32 8.24 8.24 8.16 8.16 8.12 8.12 8.11 8.06
9.23 9.23 9.24 9.24 9.27 9.27 9.30 9.30 9.29 9.23 9.23 9.22 9.22 9.26 9.26 9.26 9.26 9.23 9.23 9.21 9.21 9.17 9.17 9.13 9.13 9.07 9.07 9.02 8.97 8.97 8.90 8.90 8.84 8.84 8.82 8.82 8.85 8.85 8.84 8.84 8.75 8.75 8.65 8.65 8.65 8.65 8.66 8.67 8.67 8.64 8.64 8.57 8.57 8.48 8.48 8.49 8.49 8.54 8.54 8.50 8.50 8.47 8.47 8.51 8.51 8.52 8.44 8.44 8.36 8.36 8.32 8.32 8.34 8.34 8.32 8.32 8.24 8.24 8.16 8.16 8.12 8.12 8.11 8.06
9.24 9.24 9.26 9.26 9.26 9.26 9.24 9.24 9.24 9.20 9.20 9.15 9.15 9.16 9.16 9.20 9.20 9.21 9.21 9.19 9.19 9.13 9.13 9.08 9.08 9.07 9.07 9.04 8.99 8.99 8.92 8.92 8.84 8.84 8.78 8.78 8.78 8.78 8.82 8.82 8.81 8.81 8.70 8.70 8.63 8.63 8.64 8.63 8.63 8.63 8.63 8.61 8.61 8.53 8.53 8.48 8.48 8.54 8.54 8.56 8.56 8.47 8.47 8.46 8.46 8.53 8.48 8.48 8.36 8.36 8.28 8.28 8.29 8.29 8.29 8.29 8.24 8.24 8.16 8.16 8.11 8.11 8.11 8.07
9.24 9.24 9.26 9.26 9.26 9.26 9.24 9.24 9.24 9.20 9.20 9.15 9.15 9.16 9.16 9.20 9.20 9.21 9.21 9.19 9.19 9.13 9.13 9.08 9.08 9.07 9.07 9.04 8.99 8.99 8.92 8.92 8.84 8.84 8.78 8.78 8.78 8.78 8.82 8.82 8.81 8.81 8.70 8.70 8.63 8.63 8.64 8.63 8.63 8.63 8.63 8.61 8.61 8.53 8.53 8.48 8.48 8.54 8.54 8.56 8.56 8.47 8.47 8.46 8.46 8.53 8.48 8.48 8.36 8.36 8.28 8.28 8.29 8.29 8.29 8.29 8.24 8.24 8.16 8.16 8.11 8.11 8.11 8.07
9.21 9.21 9.24 9.24 9.26 9.26 9.24 9.24 9.23 9.22 9.22 9.17 9.17 9.13 9.13 9.15 9.15 9.19 9.19 9.20 9.20 9.12 9.12 9.02 9.02 9.00 9.00 9.02 9.00 9.00 8.96 8.96 8.88 8.88 8.80 8.80 8.76 8.76 8.76 8.76 8.80 8.80 8.74 8.74 8.64 8.64 8.63 8.63 8.63 8.62 8.62 8.62 8.62 8.57 8.57 8.48 8.48 8.48 8.48 8.58 8.58 8.55 8.55 8.45 8.45 8.47 8.48 8.48 8.39 8.39 8.29 8.29 8.26 8.26 8.27 8.27 8.24 8.24 8.16 8.16 8.09 8.09 8.08 8.06
9.21 9.21 9.24 9.24 9.26 9.26 9.24 9.24 9.23 9.22 9.22 9.17 9.17 9.13 9.13 9.15 9.15 9.19 9.19 9.20 9.20 9.12 9.12 9.02 9.02 9.00 9.00 9.02 9.00 9.00 8.96 8.96 8.88 8.88 8.80 8.80 8.76 8.76 8.76 8.76 8.80 8.80 8.74 8.74 8.64 8.64 8.63 8.63 8.63 8.62 8.62 8.62 8.62 8.57 8.57 8.48 8.48 8.48 8.48 8.58 8.58 8.55 8.55 8.45 8.45 8.47 8.48 8.48 8.39 8.39 8.29 8.29 8.26 8.26 8.27 8.27 8.24 8.24 8.16 8.16 8.09 8.09 8.08 8.06
9.22 9.22 9.24 9.24 9.25 9.25 9.24 9.24 9.25 9.28 9.28 9.27 9.27 9.21 9.21 9.17 9.17 9.17 9.17 9.18 9.18 9.12 9.12 9.01 9.01 8.92 8.92 8.91 8.93 8.93 8.92 8.92 8.87 8.87 8.82 8.82 8.78 8.78 8.74 8.74 8.74 8.74 8.74 8.74 8.65 8.65 8.59 8.60 8.60 8.60 8.60 8.62 8.62 8.61 8.61 8.51 8.51 8.44 8.44 8.51 8.51 8.58 8.58 8.52 8.52 8.46 8.46 8.46 8.41 8.41 8.29 8.29 8.21 8.21 8.23 8.23 8.24 8.24 8.16 8.16 8.08 8.08 8.07 8.07
9.22 9.22 9.25 9.25 9.27 9.27 9.27 9.27 9.28 9.27 9.27 9.27 9.27 9.25 9.25 9.20 9.20 9.21 9.21 9.22 9.22 9.16 9.16 9.06 9.06 8.93 8.93 8.84 8.84 8.84 8.84 8.84 8.82 8.82 8.77 8.77 8.76 8.76 8.76 8.76 8.75 8.75 8.75 8.75 8.68 8.68 8.57 8.53 8.53 8.54 8.54 8.58 8.58 8.62 8.62 8.55 8.55 8.43 8.43 8.41 8.41 8.50 8.50 8.55 8.55 8.49 8.45 8.45 8.43 8.43 8.33 8.33 8.19 8.19 8.14 8.14 8.17 8.17 8.15 8.15 8.05 8.05 7.97 7.97
9.22 9.22 9.25 9.25 9.27 9.27 9.27 9.27 9.28 9.27 9.27 9.27 9.27 9.25 9.25 9.20 9.20 9.21 9.21 9.22 9.22 9.16 9.16 9.06 9.06 8.93 8.93 8.84 8.84 8.84 8.84 8.84 8.82 8.82 8.77 8.77 8.76 8.76 8.76 8.76 8.75 8.75 8.75 8.75 8.68 8.68 8.57 8.53 8.53 8.54 8.54 8.58 8.58 8.62 8.62 8.55 8.55 8.43 8.43 8.41 8.41 8.50 8.50 8.55 8.55 8.49 8.45 8.45 8.43 8.43 8.33 8.33 8.19 8.19 8.14 8.14 8.17 8.17 8.15 8.15 8.05 8.05 7.97 7.97
9.19 9.19 9.24 9.24 9.27 9.27 9.28 9.28 9.32 9.29 9.29 9.25 9.25 9.24 9.24 9.20 9.20 9.21 9.21 9.27 9.27 9.26 9.26 9.18 9.18 9.07 9.07 8.95 8.89 8.89 8.89 8.89 8.85 8.85 8.76 8.76 8.70 8.70 8.73 8.73 8.75 8.75 8.75 8.75 8.73 8.73 8.66 8.59 8.59 8.54 8.54 8.55 8.55 8.60 8.60 8.59 8.59 8.47 8.47 8.36 8.36 8.38 8.38 8.47 8.47 8.48 8.42 8.42 8.42 8.42 8.40 8.40 8.31 8.31 8.19 8.19 8.15 8.15 8.15 8.15 8.10 8.10 7.97 7.86
9.19 9.19 9.24 9.24 9.27 9.27 9.28 9.28 9.32 9.29 9.29 9.25 9.25 9.24 9.24 9.20 9.20 9.21 9.21 9.27 9.27 9.26 9.26 9.18 9.18 9.07 9.07 8.95 8.89 8.89 8.89 8.89 8.85 8.85 8.76 8.76 8.70 8.70 8.73 8.73 8.75 8.75 8.75 8.75 8.73 8.73 8.66 8.59 8.59 8.54 8.54 8.55 8.55 8.60 8.60 8.59 8.59 8.47 8.47 8.36 8.36 8.38 8.38 8.47 8.47 8.48 8.42 8.42 8.42 8.42 8.40 8.40 8.31 8.31 8.19 8.19 8.15 8.15 8.15 8.15 8.10 8.10 7.97 7.86
9.18 9.18 9.22 9.22 9.23 9.23 9.15 9.15 9.17 9.24 9.24 9.26 9.26 9.26 9.26 9.21 9.21 9.15 9.15 9.20 9.20 9.24 9.24 9.21 9.21 9.17 9.17 9.09 8.96 8.96 8.91 8.91 8.90 8.90 8.84 8.84 8.73 8.73 8.67 8.67 8.69 8.69 8.71 8.71 8.70 8.70 8.67 8.62 8.62 8.57 8.57 8.54 8.54 8.56 8.56 8.60 8.60 8.56 8.56 8.43 8.43 8.34 8.34 8.38 8.38 8.43 8.39 8.39 8.36 8.36 8.38 8.38 8.36 8.36 8.29 8.29 8.20 8.20 8.18 8.18 8.18 8.18 8.12 7.97
