PIG/198001010100/output/PIG_1000m_vel.asc
ncols	138
nrows	98
xllcorner	-1540500.000000
yllcorner	-109500.000000
cellsize	1000.000000
NODATA_value	-9999.000000
[rows 38 to 75 of 98, columns 0 to 83 of 138]
9.22 9.22 9.17 9.17 9.16 9.16 9.23 9.23 9.28 9.27 9.27 9.19 9.19 9.14 9.14 9.15 9.15 9.16 9.16 9.15 9.15 9.08 9.08 8.99 8.99 8.94 8.94 8.94 8.94 8.94 8.90 8.90 8.84 8.84 8.75 8.75 8.65 8.65 8.57 8.57 8.53 8.53 8.49 8.49 8.50 8.50 8.53 8.54 8.54 8.50 8.50 8.45 8.45 8.45 8.45 8.47 8.47 8.46 8.46 8.42 8.42 8.41 8.41 8.46 8.46 8.45 8.33 8.33 8.25 8.25 8.23 8.23 8.21 8.21 8.17 8.17 8.13 8.13 8.10 8.10 8.01 8.01 7.92 7.84
9.26 9.26 9.21 9.21 9.13 9.13 9.12 9.12 9.20 9.29 9.29 9.25 9.25 9.15 9.15 9.12 9.12 9.11 9.11 9.09 9.09 9.05 9.05 9.00 9.00 8.96 8.96 8.92 8.88 8.88 8.85 8.85 8.84 8.84 8.83 8.83 8.78 8.78 8.72 8.72 8.64 8.64 8.54 8.54 8.47 8.47 8.46 8.50 8.50 8.52 8.52 8.48 8.48 8.43 8.43 8.43 8.43 8.45 8.45 8.43 8.43 8.39 8.39 8.41 8.41 8.45 8.36 8.36 8.23 8.23 8.16 8.16 8.15 8.15 8.12 8.12 8.10 8.10 8.11 8.11 8.07 8.07 7.97 7.86
9.26 9.26 9.21 9.21 9.13 9.13 9.12 9.12 9.20 9.29 9.29 9.25 9.25 9.15 9.15 9.12 9.12 9.11 9.11 9.09 9.09 9.05 9.05 9.00 9.00 8.96 8.96 8.92 8.88 8.88 8.85 8.85 8.84 8.84 8.83 8.83 8.78 8.78 8.72 8.72 8.64 8.64 8.54 8.54 8.47 8.47 8.46 8.50 8.50 8.52 8.52 8.48 8.48 8.43 8.43 8.43 8.43 8.45 8.45 8.43 8.43 8.39 8.39 8.41 8.41 8.45 8.36 8.36 8.23 8.23 8.16 8.16 8.15 8.15 8.12 8.12 8.10 8.10 8.11 8.11 8.07 8.07 7.97 7.86
9.27 9.27 9.26 9.26 9.22 9.22 9.11 9.11 9.07 9.18 9.18 9.24 9.24 9.14 9.14 9.09 9.09 9.10 9.10 9.07 9.07 9.01 9.01 8.96 8.96 8.95 8.95 8.94 8.87 8.87 8.80 8.80 8.78 8.78 8.78 8.78 8.77 8.77 8.77 8.77 8.76 8.76 8.67 8.67 8.55 8.55 8.47 8.46 8.46 8.48 8.48 8.50 8.50 8.48 8.48 8.44 8.44 8.43 8.43 8.42 8.42 8.39 8.39 8.37 8.37 8.40 8.39 8.39 8.30 8.30 8.19 8.19 8.14 8.14 8.09 8.09 8.03 8.03 8.02 8.02 8.04 8.04 8.01 7.92
9.27 9.27 9.26 9.26 9.22 9.22 9.11 9.11 9.07 9.18 9.18 9.24 9.24 9.14 9.14 9.09 9.09 9.10 9.10 9.07 9.07 9.01 9.01 8.96 8.96 8.95 8.95 8.94 8.87 8.87 8.80 8.80 8.78 8.78 8.78 8.78 8.77 8.77 8.77 8.77 8.76 8.76 8.67 8.67 8.55 8.55 8.47 8.46 8.46 8.48 8.48 8.50 8.50 8.48 8.48 8.44 8.44 8.43 8.43 8.42 8.42 8.39 8.39 8.37 8.37 8.40 8.39 8.39 8.30 8.30 8.19 8.19 8.14 8.14 8.09 8.09 8.03 8.03 8.02 8.02 8.04 8.04 8.01 7.92
9.26 9.26 9.28 9.28 9.30 9.30 9.23 9.23 9.08 9.07 9.07 9.21 9.21 9.22 9.22 9.13 9.13 9.09 9.09 9.07 9.07 9.00 9.00 8.92 8.92 8.90 8.90 8.92 8.89 8.89 8.81 8.81 8.78 8.78 8.75 8.75 8.72 8.72 8.72 8.72 8.74 8.74 8.70 8.70 8.60 8.60 8.50 8.45 8.45 8.45 8.45 8.48 8.48 8.49 8.49 8.46 8.46 8.45 8.45 8.44 8.44 8.41 8.41 8.37 8.37 8.36 8.36 8.36 8.34 8.34 8.25 8.25 8.17 8.17 8.13 8.13 8.06 8.06 8.00 8.00 7.99 7.99 7.98 7.93
9.26 9.26 9.28 9.28 9.30 9.30 9.23 9.23 9.08 9.07 9.07 9.21 9.21 9.22 9.22 9.13 9.13 9.09 9.09 9.07 9.07 9.00 9.00 8.92 8.92 8.90 8.90 8.92 8.89 8.89 8.81 8.81 8.78 8.78 8.75 8.75 8.72 8.72 8.72 8.72 8.74 8.74 8.70 8.70 8.60 8.60 8.50 8.45 8.45 8.45 8.45 8.48 8.48 8.49 8.49 8.46 8.46 8.45 8.45 8.44 8.44 8.41 8.41 8.37 8.37 8.36 8.36 8.36 8.34 8.34 8.25 8.25 8.17 8.17 8.13 8.13 8.06 8.06 8.00 8.00 7.99 7.99 7.98 7.93
9.23 9.23 9.25 9.25 9.28 9.28 9.30 9.30 9.22 9.07 9.07 9.12 9.12 9.26 9.26 9.26 9.26 9.17 9.17 9.10 9.10 9.02 9.02 8.94 8.94 8.89 8.89 8.91 8.89 8.89 8.81 8.81 8.79 8.79 8.77 8.77 8.72 8.72 8.69 8.69 8.67 8.67 8.69 8.69 8.65 8.65 8.56 8.47 8.47 8.42 8.42 8.44 8.44 8.46 8.46 8.45 8.45 8.44 8.44 8.46 8.46 8.45 8.45 8.41 8.41 8.36 8.30 8.30 8.30 8.30 8.25 8.25 8.17 8.17 8.15 8.15 8.14 8.14 8.06 8.06 7.98 7.98 7.93 7.89
9.23 9.23 9.25 9.25 9.28 9.28 9.30 9.30 9.22 9.07 9.07 9.12 9.12 9.26 9.26 9.26 9.26 9.17 9.17 9.10 9.10 9.02 9.02 8.94 8.94 8.89 8.89 8.91 8.89 8.89 8.81 8.81 8.79 8.79 8.77 8.77 8.72 8.72 8.69 8.69 8.67 8.67 8.69 8.69 8.65 8.65 8.56 8.47 8.47 8.42 8.42 8.44 8.44 8.46 8.46 8.45 8.45 8.44 8.44 8.46 8.46 8.45 8.45 8.41 8.41 8.36 8.30 8.30 8.30 8.30 8.25 8.25 8.17 8.17 8.15 8.15 8.14 8.14 8.06 8.06 7.98 7.98 7.93 7.89
9.20 9.20 9.21 9.21 9.21 9.21 9.23 9.23 9.25 9.16 9.16 9.05 9.05 9.10 9.10 9.25 9.25 9.29 9.29 9.22 9.22 9.09 9.09 8.96 8.96 8.89 8.89 8.91 8.89 8.89 8.79 8.79 8.76 8.76 8.78 8.78 8.73 8.73 8.68 8.68 8.64 8.64 8.64 8.64 8.65 8.65 8.60 8.51 8.51 8.43 8.43 8.42 8.42 8.45 8.45 8.43 8.43 8.40 8.40 8.41 8.41 8.44 8.44 8.45 8.45 8.42 8.32 8.32 8.29 8.29 8.26 8.26 8.16 8.16 8.10 8.10 8.12 8.12 8.11 8.11 8.05 8.05 7.94 7.86
9.20 9.20 9.21 9.21 9.21 9.21 9.23 9.23 9.25 9.16 9.16 9.05 9.05 9.10 9.10 9.25 9.25 9.29 9.29 9.22 9.22 9.09 9.09 8.96 8.96 8.89 8.89 8.91 8.89 8.89 8.79 8.79 8.76 8.76 8.78 8.78 8.73 8.73 8.68 8.68 8.64 8.64 8.64 8.64 8.65 8.65 8.60 8.51 8.51 8.43 8.43 8.42 8.42 8.45 8.45 8.43 8.43 8.40 8.40 8.41 8.41 8.44 8.44 8.45 8.45 8.42 8.32 8.32 8.29 8.29 8.26 8.26 8.16 8.16 8.10 8.10 8.12 8.12 8.11 8.11 8.05 8.05 7.94 7.86
9.23 9.23 9.24 9.24 9.24 9.24 9.23 9.23 9.22 9.19 9.19 9.10 9.10 9.01 9.01 9.08 9.08 9.21 9.21 9.26 9.26 9.19 9.19 9.03 9.03 8.90 8.90 8.89 8.90 8.90 8.77 8.77 8.66 8.66 8.67 8.67 8.71 8.71 8.70 8.70 8.64 8.64 8.61 8.61 8.61 8.61 8.61 8.56 8.56 8.48 8.48 8.45 8.45 8.46 8.46 8.46 8.46 8.43 8.43 8.41 8.41 8.41 8.41 8.43 8.43 8.44 8.36 8.36 8.30 8.30 8.28 8.28 8.20 8.20 8.08 8.08 8.05 8.05 8.10 8.10 8.11 8.11 8.01 7.89
9.23 9.23 9.24 9.24 9.24 9.24 9.23 9.23 9.22 9.19 9.19 9.10 9.10 9.01 9.01 9.08 9.08 9.21 9.21 9.26 9.26 9.19 9.19 9.03 9.03 8.90 8.90 8.89 8.90 8.90 8.77 8.77 8.66 8.66 8.67 8.67 8.71 8.71 8.70 8.70 8.64 8.64 8.61 8.61 8.61 8.61 8.61 8.56 8.56 8.48 8.48 8.45 8.45 8.46 8.46 8.46 8.46 8.43 8.43 8.41 8.41 8.41 8.41 8.43 8.43 8.44 8.36 8.36 8.30 8.30 8.28 8.28 8.20 8.20 8.08 8.08 8.05 8.05 8.10 8.10 8.11 8.11 8.01 7.89
9.26 9.26 9.30 9.30 9.35 9.35 9.32 9.32 9.27 9.22 9.22 9.17 9.17 9.07 9.07 9.02 9.02 9.07 9.07 9.16 9.16 9.19 9.19 9.09 9.09 8.92 8.92 8.84 8.87 8.87 8.80 8.80 8.64 8.64 8.57 8.57 8.62 8.62 8.69 8.69 8.68 8.68 8.64 8.64 8.61 8.61 8.61 8.59 8.59 8.52 8.52 8.46 8.46 8.45 8.45 8.46 8.46 8.45 8.45 8.42 8.42 8.41 8.41 8.42 8.42 8.42 8.36 8.36 8.28 8.28 8.26 8.26 8.24 8.24 8.13 8.13 8.02 8.02 8.03 8.03 8.08 8.08 8.06 7.94
9.18 9.18 9.22 9.22 9.29 9.29 9.33 9.33 9.32 9.29 9.29 9.24 9.24 9.16 9.16 9.08 9.08 9.04 9.04 9.06 9.06 9.09 9.09 9.08 9.08 8.96 8.96 8.85 8.86 8.86 8.88 8.88 8.79 8.79 8.64 8.64 8.58 8.58 8.59 8.59 8.63 8.63 8.63 8.63 8.62 8.62 8.59 8.57 8.57 8.52 8.52 8.46 8.46 8.44 8.44 8.43 8.43 8.42 8.42 8.40 8.40 8.38 8.38 8.40 8.40 8.42 8.36 8.36 8.27 8.27 8.22 8.22 8.24 8.24 8.19 8.19 8.04 8.04 7.97 7.97 8.02 8.02 8.05 7.98
9.18 9.18 9.22 9.22 9.29 9.29 9.33 9.33 9.32 9.29 9.29 9.24 9.24 9.16 9.16 9.08 9.08 9.04 9.04 9.06 9.06 9.09 9.09 9.08 9.08 8.96 8.96 8.85 8.86 8.86 8.88 8.88 8.79 8.79 8.64 8.64 8.58 8.58 8.59 8.59 8.63 8.63 8.63 8.63 8.62 8.62 8.59 8.57 8.57 8.52 8.52 8.46 8.46 8.44 8.44 8.43 8.43 8.42 8.42 8.40 8.40 8.38 8.38 8.40 8.40 8.42 8.36 8.36 8.27 8.27 8.22 8.22 8.24 8.24 8.19 8.19 8.04 8.04 7.97 7.97 8.02 8.02 8.05 7.98
9.16 9.16 9.14 9.14 9.16 9.16 9.23 9.23 9.27 9.27 9.27 9.25 9.25 9.20 9.20 9.13 9.13 9.09 9.09 9.08 9.08 9.09 9.09 9.10 9.10 9.07 9.07 8.97 8.92 8.92 8.94 8.94 8.89 8.89 8.76 8.76 8.66 8.66 8.59 8.59 8.54 8.54 8.54 8.54 8.57 8.57 8.56 8.54 8.54 8.53 8.53 8.49 8.49 8.44 8.44 8.41 8.41 8.42 8.42 8.41 8.41 8.36 8.36 8.35 8.35 8.39 8.37 8.37 8.28 8.28 8.18 8.18 8.16 8.16 8.18 8.18 8.10 8.10 7.98 7.98 7.97 7.97 8.01 7.99
9.16 9.16 9.14 9.14 9.16 9.16 9.23 9.23 9.27 9.27 9.27 9.25 9.25 9.20 9.20 9.13 9.13 9.09 9.09 9.08 9.08 9.09 9.09 9.10 9.10 9.07 9.07 8.97 8.92 8.92 8.94 8.94 8.89 8.89 8.76 8.76 8.66 8.66 8.59 8.59 8.54 8.54 8.54 8.54 8.57 8.57 8.56 8.54 8.54 8.53 8.53 8.49 8.49 8.44 8.44 8.41 8.41 8.42 8.42 8.41 8.41 8.36 8.36 8.35 8.35 8.39 8.37 8.37 8.28 8.28 8.18 8.18 8.16 8.16 8.18 8.18 8.10 8.10 7.98 7.98 7.97 7.97 8.01 7.99
9.23 9.23 9.21 9.21 9.17 9.17 9.17 9.17 9.22 9.23 9.23 9.22 9.22 9.20 9.20 9.17 9.17 9.13 9.13 9.11 9.11 9.12 9.12 9.12 9.12 9.07 9.07 8.98 8.88 8.88 8.88 8.88 8.89 8.89 8.82 8.82 8.74 8.74 8.70 8.70 8.63 8.63 8.53 8.53 8.49 8.49 8.51 8.50 8.50 8.51 8.51 8.55 8.55 8.52 8.52 8.45 8.45 8.43 8.43 8.45 8.45 8.42 8.42 8.36 8.36 8.36 8.37 8.37 8.33 8.33 8.21 8.21 8.11 8.11 8.09 8.09 8.09 8.09 7.99 7.99 7.94 7.94 7.98 7.99
9.23 9.23 9.21 9.21 9.17 9.17 9.17 9.17 9.22 9.23 9.23 9.22 9.22 9.20 9.20 9.17 9.17 9.13 9.13 9.11 9.11 9.12 9.12 9.12 9.12 9.07 9.07 8.98 8.88 8.88 8.88 8.88 8.89 8.89 8.82 8.82 8.74 8.74 8.70 8.70 8.63 8.63 8.53 8.53 8.49 8.49 8.51 8.50 8.50 8.51 8.51 8.55 8.55 8.52 8.52 8.45 8.45 8.43 8.43 8.45 8.45 8.42 8.42 8.36 8.36 8.36 8.37 8.37 8.33 8.33 8.21 8.21 8.11 8.11 8.09 8.09 8.09 8.09 7.99 7.99 7.94 7.94 7.98 7.99
9.20 9.20 9.23 9.23 9.22 9.22 9.17 9.17 9.19 9.22 9.22 9.20 9.20 9.18 9.18 9.17 9.17 9.13 9.13 9.05 9.05 9.01 9.01 9.03 9.03 9.03 9.03 8.98 8.87 8.87 8.81 8.81 8.82 8.82 8.81 8.81 8.73 8.73 8.70 8.70 8.71 8.71 8.63 8.63 8.52 8.52 8.47 8.43 8.43 8.40 8.40 8.46 8.46 8.54 8.54 8.51 8.51 8.45 8.45 8.45 8.45 8.44 8.44 8.40 8.40 8.37 8.34 8.34 8.34 8.34 8.31 8.31 8.20 8.20 8.09 8.09 8.06 8.06 8.00 8.00 7.93 7.93 7.94 7.97
9.20 9.20 9.23 9.23 9.22 9.22 9.17 9.17 9.19 9.22 9.22 9.20 9.20 9.18 9.18 9.17 9.17 9.13 9.13 9.05 9.05 9.01 9.01 9.03 9.03 9.03 9.03 8.98 8.87 8.87 8.81 8.81 8.82 8.82 8.81 8.81 8.73 8.73 8.70 8.70 8.71 8.71 8.63 8.63 8.52 8.52 8.47 8.43 8.43 8.40 8.40 8.46 8.46 8.54 8.54 8.51 8.51 8.45 8.45 8.45 8.45 8.44 8.44 8.40 8.40 8.37 8.34 8.34 8.34 8.34 8.31 8.31 8.20 8.20 8.09 8.09 8.06 8.06 8.00 8.00 7.93 7.93 7.94 7.97
9.19 9.19 9.22 9.22 9.24 9.24 9.18 9.18 9.17 9.22 9.22 9.24 9.24 9.21 9.21 9.18 9.18 9.18 9.18 9.13 9.13 9.02 9.02 8.97 8.97 8.98 8.98 8.98 8.92 8.92 8.83 8.83 8.79 8.79 8.79 8.79 8.74 8.74 8.65 8.65 8.65 8.65 8.69 8.69 8.64 8.64 8.58 8.51 8.51 8.39 8.39 8.35 8.35 8.42 8.42 8.48 8.48 8.45 8.45 8.43 8.43 8.44 8.44 8.41 8.41 8.38 8.33 8.33 8.29 8.29 8.31 8.31 8.28 8.28 8.17 8.17 8.10 8.10 8.05 8.05 7.97 7.97 7.94 7.93
9.19 9.19 9.22 9.22 9.24 9.24 9.18 9.18 9.17 9.22 9.22 9.24 9.24 9.21 9.21 9.18 9.18 9.18 9.18 9.13 9.13 9.02 9.02 8.97 8.97 8.98 8.98 8.98 8.92 8.92 8.83 8.83 8.79 8.79 8.79 8.79 8.74 8.74 8.65 8.65 8.65 8.65 8.69 8.69 8.64 8.64 8.58 8.51 8.51 8.39 8.39 8.35 8.35 8.42 8.42 8.48 8.48 8.45 8.45 8.43 8.43 8.44 8.44 8.41 8.41 8.38 8.33 8.33 8.29 8.29 8.31 8.31 8.28 8.28 8.17 8.17 8.10 8.10 8.05 8.05 7.97 7.97 7.94 7.93
9.20 9.20 9.22 9.22 9.26 9.26 9.24 9.24 9.18 9.18 9.18 9.24 9.24 9.26 9.26 9.22 9.22 9.20 9.20 9.19 9.19 9.11 9.11 9.01 9.01 8.95 8.95 8.94 8.92 8.92 8.85 8.85 8.81 8.81 8.80 8.80 8.79 8.79 8.70 8.70 8.62 8.62 8.62 8.62 8.65 8.65 8.64 8.60 8.60 8.50 8.50 8.39 8.39 8.36 8.36 8.42 8.42 8.44 8.44 8.40 8.40 8.42 8.42 8.42 8.42 8.39 8.33 8.33 8.27 8.27 8.26 8.26 8.29 8.29 8.22 8.22 8.13 8.13 8.07 8.07 8.01 8.01 7.97 7.92
9.20 9.20 9.22 9.22 9.26 9.26 9.24 9.24 9.18 9.18 9.18 9.24 9.24 9.26 9.26 9.22 9.22 9.20 9.20 9.19 9.19 9.11 9.11 9.01 9.01 8.95 8.95 8.94 8.92 8.92 8.85 8.85 8.81 8.81 8.80 8.80 8.79 8.79 8.70 8.70 8.62 8.62 8.62 8.62 8.65 8.65 8.64 8.60 8.60 8.50 8.50 8.39 8.39 8.36 8.36 8.42 8.42 8.44 8.44 8.40 8.40 8.42 8.42 8.42 8.42 8.39 8.33 8.33 8.27 8.27 8.26 8.26 8.29 8.29 8.22 8.22 8.13 8.13 8.07 8.07 8.01 8.01 7.97 7.92
9.18 9.18 9.20 9.20 9.23 9.23 9.26 9.26 9.24 9.19 9.19 9.18 9.18 9.21 9.21 9.21 9.21 9.18 9.18 9.16 9.16 9.12 9.12 9.08 9.08 9.02 9.02 8.96 8.91 8.91 8.84 8.84 8.77 8.77 8.76 8.76 8.78 8.78 8.77 8.77 8.67 8.67 8.58 8.58 8.57 8.57 8.59 8.59 8.59 8.56 8.56 8.48 8.48 8.39 8.39 8.40 8.40 8.45 8.45 8.41 8.41 8.37 8.37 8.41 8.41 8.43 8.35 8.35 8.25 8.25 8.22 8.22 8.24 8.24 8.22 8.22 8.14 8.14 8.06 8.06 8.02 8.02 8.02 7.96
9.18 9.18 9.20 9.20 9.23 9.23 9.26 9.26 9.24 9.19 9.19 9.18 9.18 9.21 9.21 9.21 9.21 9.18 9.18 9.16 9.16 9.12 9.12 9.08 9.08 9.02 9.02 8.96 8.91 8.91 8.84 8.84 8.77 8.77 8.76 8.76 8.78 8.78 8.77 8.77 8.67 8.67 8.58 8.58 8.57 8.57 8.59 8.59 8.59 8.56 8.56 8.48 8.48 8.39 8.39 8.40 8.40 8.45 8.45 8.41 8.41 8.37 8.37 8.41 8.41 8.43 8.35 8.35 8.25 8.25 8.22 8.22 8.24 8.24 8.22 8.22 8.14 8.14 8.06 8.06 8.02 8.02 8.02 7.96
9.20 9.20 9.22 9.22 9.22 9.22 9.20 9.20 9.20 9.16 9.16 9.11 9.11 9.12 9.12 9.16 9.16 9.17 9.17 9.15 9.15 9.08 9.08 9.03 9.03 9.02 9.02 8.98 8.93 8.93 8.86 8.86 8.77 8.77 8.72 8.72 8.71 8.71 8.75 8.75 8.74 8.74 8.62 8.62 8.55 8.55 8.56 8.56 8.56 8.55 8.55 8.53 8.53 8.44 8.44 8.39 8.39 8.45 8.45 8.47 8.47 8.38 8.38 8.36 8.36 8.43 8.39 8.39 8.26 8.26 8.19 8.19 8.19 8.19 8.19 8.19 8.14 8.14 8.06 8.06 8.01 8.01 8.01 7.98
9.20 9.20 9.22 9.22 9.22 9.22 9.20 9.20 9.20 9.16 9.16 9.11 9.11 9.12 9.12 9.16 9.16 9.17 9.17 9.15 9.15 9.08 9.08 9.03 9.03 9.02 9.02 8.98 8.93 8.93 8.86 8.86 8.77 8.77 8.72 8.72 8.71 8.71 8.75 8.75 8.74 8.74 8.62 8.62 8.55 8.55 8.56 8.56 8.56 8.55 8.55 8.53 8.53 8.44 8.44 8.39 8.39 8.45 8.45 8.47 8.47 8.38 8.38 8.36 8.36 8.43 8.39 8.39 8.26 8.26 8.19 8.19 8.19 8.19 8.19 8.19 8.14 8.14 8.06 8.06 8.01 8.01 8.01 7.98
9.17 9.17 9.20 9.20 9.22 9.22 9.20 9.20 9.20 9.18 9.18 9.13 9.13 9.09 9.09 9.11 9.11 9.15 9.15 9.15 9.15 9.08 9.08 8.97 8.97 8.94 8.94 8.96 8.95 8.95 8.90 8.90 8.82 8.82 8.74 8.74 8.69 8.69 8.69 8.69 8.73 8.73 8.68 8.68 8.57 8.57 8.55 8.55 8.55 8.54 8.54 8.54 8.54 8.49 8.49 8.39 8.39 8.39 8.39 8.49 8.49 8.46 8.46 8.36 8.36 8.38 8.39 8.39 8.29 8.29 8.19 8.19 8.17 8.17 8.18 8.18 8.15 8.15 8.06 8.06 8.00 8.00 7.98 7.97
9.17 9.17 9.20 9.20 9.22 9.22 9.20 9.20 9.20 9.18 9.18 9.13 9.13 9.09 9.09 9.11 9.11 9.15 9.15 9.15 9.15 9.08 9.08 8.97 8.97 8.94 8.94 8.96 8.95 8.95 8.90 8.90 8.82 8.82 8.74 8.74 8.69 8.69 8.69 8.69 8.73 8.73 8.68 8.68 8.57 8.57 8.55 8.55 8.55 8.54 8.54 8.54 8.54 8.49 8.49 8.39 8.39 8.39 8.39 8.49 8.49 8.46 8.46 8.36 8.36 8.38 8.39 8.39 8.29 8.29 8.19 8.19 8.17 8.17 8.18 8.18 8.15 8.15 8.06 8.06 8.00 8.00 7.98 7.97
9.17 9.17 9.20 9.20 9.22 9.22 9.20 9.20 9.21 9.24 9.24 9.23 9.23 9.17 9.17 9.12 9.12 9.13 9.13 9.14 9.14 9.08 9.08 8.97 8.97 8.87 8.87 8.85 8.87 8.87 8.86 8.86 8.81 8.81 8.75 8.75 8.71 8.71 8.68 8.68 8.68 8.68 8.67 8.67 8.58 8.58 8.52 8.52 8.52 8.52 8.52 8.54 8.54 8.53 8.53 8.43 8.43 8.35 8.35 8.42 8.42 8.50 8.50 8.43 8.43 8.37 8.37 8.37 8.33 8.33 8.20 8.20 8.12 8.12 8.13 8.13 8.15 8.15 8.07 8.07 7.99 7.99 7.98 7.98
9.18 9.18 9.22 9.22 9.24 9.24 9.24 9.24 9.25 9.23 9.23 9.24 9.24 9.21 9.21 9.16 9.16 9.17 9.17 9.18 9.18 9.12 9.12 9.02 9.02 8.89 8.89 8.79 8.78 8.78 8.79 8.79 8.76 8.76 8.71 8.71 8.70 8.70 8.70 8.70 8.69 8.69 8.69 8.69 8.61 8.61 8.50 8.46 8.46 8.46 8.46 8.50 8.50 8.54 8.54 8.47 8.47 8.35 8.35 8.32 8.32 8.42 8.42 8.46 8.46 8.40 8.36 8.36 8.34 8.34 8.24 8.24 8.10 8.10 8.05 8.05 8.09 8.09 8.07 8.07 7.96 7.96 7.89 7.88
9.18 9.18 9.22 9.22 9.24 9.24 9.24 9.24 9.25 9.23 9.23 9.24 9.24 9.21 9.21 9.16 9.16 9.17 9.17 9.18 9.18 9.12 9.12 9.02 9.02 8.89 8.89 8.79 8.78 8.78 8.79 8.79 8.76 8.76 8.71 8.71 8.70 8.70 8.70 8.70 8.69 8.69 8.69 8.69 8.61 8.61 8.50 8.46 8.46 8.46 8.46 8.50 8.50 8.54 8.54 8.47 8.47 8.35 8.35 8.32 8.32 8.42 8.42 8.46 8.46 8.40 8.36 8.36 8.34 8.34 8.24 8.24 8.10 8.10 8.05 8.05 8.09 8.09 8.07 8.07 7.96 7.96 7.89 7.88
9.15 9.15 9.20 9.20 9.23 9.23 9.24 9.24 9.28 9.25 9.25 9.22 9.22 9.21 9.21 9.17 9.17 9.17 9.17 9.24 9.24 9.22 9.22 9.13 9.13 9.03 9.03 8.90 8.83 8.83 8.84 8.84 8.80 8.80 8.70 8.70 8.64 8.64 8.66 8.66 8.69 8.69 8.69 8.69 8.67 8.67 8.59 8.51 8.51 8.47 8.47 8.47 8.47 8.52 8.52 8.51 8.51 8.39 8.39 8.28 8.28 8.30 8.30 8.39 8.39 8.40 8.34 8.34 8.34 8.34 8.32 8.32 8.22 8.22 8.10 8.10 8.06 8.06 8.07 8.07 8.01 8.01 7.88 7.77
9.15 9.15 9.20 9.20 9.23 9.23 9.24 9.24 9.28 9.25 9.25 9.22 9.22 9.21 9.21 9.17 9.17 9.17 9.17 9.24 9.24 9.22 9.22 9.13 9.13 9.03 9.03 8.90 8.83 8.83 8.84 8.84 8.80 8.80 8.70 8.70 8.64 8.64 8.66 8.66 8.69 8.69 8.69 8.69 8.67 8.67 8.59 8.51 8.51 8.47 8.47 8.47 8.47 8.52 8.52 8.51 8.51 8.39 8.39 8.28 8.28 8.30 8.30 8.39 8.39 8.40 8.34 8.34 8.34 8.34 8.32 8.32 8.22 8.22 8.10 8.10 8.06 8.06 8.07 8.07 8.01 8.01 7.88 7.77
9.14 9.14 9.19 9.19 9.20 9.20 9.12 9.12 9.14 9.21 9.21 9.22 9.22 9.22 9.22 9.17 9.17 9.12 9.12 9.16 9.16 9.20 9.20 9.17 9.17 9.13 9.13 9.04 8.91 8.91 8.86 8.86 8.85 8.85 8.78 8.78 8.67 8.67 8.61 8.61 8.63 8.63 8.65 8.65 8.64 8.64 8.60 8.55 8.55 8.50 8.50 8.47 8.47 8.49 8.49 8.53 8.53 8.49 8.49 8.35 8.35 8.26 8.26 8.30 8.30 8.36 8.32 8.32 8.28 8.28 8.29 8.29 8.28 8.28 8.20 8.20 8.11 8.11 8.09 8.09 8.10 8.10 8.04 7.89
